{
 "cells": [
  {
   "cell_type": "code",
   "execution_count": 1,
   "id": "initial_id",
   "metadata": {},
   "outputs": [
    {
     "name": "stdout",
     "output_type": "stream",
     "text": [
      "3\n",
      "<class 'int'>\n",
      "<class 'numpy.ndarray'>\n",
      "3\n",
      "<class 'numpy.int64'>\n",
      "(4,)\n",
      "(4,)\n"
     ]
    }
   ],
   "source": [
    "import numpy as np\n",
    "\n",
    "t = [1, 3, 5, 6]\n",
    "\n",
    "print(t[1])\n",
    "print(type(t[1]))\n",
    "\n",
    "A = np.array([1, 3, 5, 6])\n",
    "print(type(A))\n",
    "\n",
    "print(A[1])\n",
    "print(type(A[1]))\n",
    "B = np.array([5, 6, 1, 2])\n",
    "print(np.shape(A))\n",
    "print(np.shape(A.T))  # transposition"
   ]
  },
  {
   "cell_type": "code",
   "execution_count": 2,
   "id": "59ae4300-a167-4d30-9876-449d5723fe08",
   "metadata": {},
   "outputs": [
    {
     "name": "stdout",
     "output_type": "stream",
     "text": [
      "[[1 3 5 6]\n",
      " [5 6 1 2]]\n",
      "(2, 4)\n"
     ]
    }
   ],
   "source": [
    "C = np.vstack([A, B])\n",
    "print(C)\n",
    "print(np.shape(C))"
   ]
  },
  {
   "cell_type": "code",
   "execution_count": 3,
   "id": "a94b9ff3-a6b2-4139-b91e-bfe59fba9640",
   "metadata": {},
   "outputs": [
    {
     "name": "stdout",
     "output_type": "stream",
     "text": [
      "[[ 3  7  8  9]\n",
      " [ 8 10  3  4]]\n",
      "\n",
      "(2, 4) x (4, 2)\n",
      "[[118  77]\n",
      " [ 83 111]]\n",
      "(2, 2)\n"
     ]
    }
   ],
   "source": [
    "D_1 = [3, 7, 8, 9]\n",
    "D_2 = [8, 10, 3, 4]\n",
    "D = np.vstack([D_1, D_2])\n",
    "print(D)\n",
    "\n",
    "print()\n",
    "\n",
    "E = D.T\n",
    "print(f'{np.shape(C)} x {np.shape(E)}')\n",
    "F = np.dot(C, E)  #  Matrix x Matrix multiplication\n",
    "print(F)\n",
    "print(np.shape(F))"
   ]
  },
  {
   "cell_type": "code",
   "execution_count": 4,
   "id": "6efc053e-e0c6-4139-8632-563977cbba4e",
   "metadata": {},
   "outputs": [
    {
     "name": "stdout",
     "output_type": "stream",
     "text": [
      "(2, 4) x (2, 4)\n",
      "[[1 3 5 6]\n",
      " [5 6 1 2]]\n",
      "[[ 3  7  8  9]\n",
      " [ 8 10  3  4]]\n",
      "\n",
      "[[ 3 21 40 54]\n",
      " [40 60  3  8]]\n"
     ]
    }
   ],
   "source": [
    "print(f'{np.shape(C)} x {np.shape(D)}')\n",
    "print(C)\n",
    "print(D)\n",
    "print()\n",
    "G = C * D  # element-wise multiplication - matrix sizes must be equal!!!\n",
    "print(G)"
   ]
  },
  {
   "cell_type": "code",
   "execution_count": 5,
   "id": "f48bc878-89c7-4272-b5a7-dbbdf05ca689",
   "metadata": {},
   "outputs": [
    {
     "name": "stdout",
     "output_type": "stream",
     "text": [
      "[[0. 0. 0. 0.]\n",
      " [0. 0. 0. 0.]\n",
      " [0. 0. 0. 0.]\n",
      " [0. 0. 0. 0.]]\n"
     ]
    }
   ],
   "source": [
    "O = np.zeros((4, 4))\n",
    "print(O)"
   ]
  },
  {
   "cell_type": "code",
   "execution_count": 6,
   "id": "36e381b8-2de4-4594-99be-2513278a9488",
   "metadata": {},
   "outputs": [
    {
     "name": "stdout",
     "output_type": "stream",
     "text": [
      "[[1. 0. 0. 0.]\n",
      " [0. 1. 0. 0.]\n",
      " [0. 0. 1. 0.]\n",
      " [0. 0. 0. 1.]]\n",
      "0.0\n",
      "<class 'numpy.float64'>\n"
     ]
    }
   ],
   "source": [
    "I = np.eye(4)\n",
    "print(I)\n",
    "print(I[0][2])\n",
    "print(type(I[0][2]))"
   ]
  },
  {
   "cell_type": "code",
   "execution_count": 7,
   "id": "f52a0ca2-09e8-4fbc-b9f3-03a92957c341",
   "metadata": {},
   "outputs": [
    {
     "name": "stdout",
     "output_type": "stream",
     "text": [
      "[[1. 3. 5. 6.]\n",
      " [5. 6. 1. 2.]]\n",
      "[[1. 5.]\n",
      " [3. 6.]\n",
      " [5. 1.]\n",
      " [6. 2.]]\n"
     ]
    }
   ],
   "source": [
    "F = np.dot(C, I)\n",
    "print(F)\n",
    "G = np.dot(I, C.T)\n",
    "print(G)"
   ]
  },
  {
   "cell_type": "code",
   "execution_count": 8,
   "id": "0c638161-9e70-49a7-a8ab-6eccab318bfe",
   "metadata": {},
   "outputs": [
    {
     "name": "stdout",
     "output_type": "stream",
     "text": [
      "[[ 1  3  5  6]\n",
      " [ 5  6  1  2]\n",
      " [ 3  7  8  9]\n",
      " [ 8 10  3  4]]\n",
      "\n",
      "[[ 1.73333333 -1.93333333 -1.46666667  1.66666667]\n",
      " [-1.66666667  1.66666667  1.33333333 -1.33333333]\n",
      " [ 0.13333333 -2.53333333 -0.26666667  1.66666667]\n",
      " [ 0.6         1.6        -0.2        -1.        ]]\n"
     ]
    }
   ],
   "source": [
    "H = np.vstack((C, D))\n",
    "print(H)\n",
    "print()\n",
    "\n",
    "H_I = np.linalg.inv(H)\n",
    "print(H_I)"
   ]
  },
  {
   "cell_type": "code",
   "execution_count": 9,
   "id": "2e662e34-e214-4e54-970f-9974376a3cdd",
   "metadata": {},
   "outputs": [
    {
     "name": "stdout",
     "output_type": "stream",
     "text": [
      "[[ 1.00000000e+00  0.00000000e+00 -3.33066907e-16  4.44089210e-16]\n",
      " [-4.44089210e-16  1.00000000e+00  1.66533454e-16 -2.22044605e-16]\n",
      " [-2.22044605e-16  1.77635684e-15  1.00000000e+00 -1.55431223e-15]\n",
      " [-4.44089210e-16  0.00000000e+00  6.66133815e-16  1.00000000e+00]]\n"
     ]
    }
   ],
   "source": [
    "J = np.dot(H, H_I)\n",
    "print(J)"
   ]
  },
  {
   "cell_type": "code",
   "execution_count": 10,
   "id": "9d73f6a6-c7ea-4365-ad3d-c8d357026c11",
   "metadata": {},
   "outputs": [
    {
     "name": "stdout",
     "output_type": "stream",
     "text": [
      "[[0.10761104 0.99663305 0.30844567 0.04098296]\n",
      " [0.87767046 0.2618179  0.00824685 0.46883143]\n",
      " [0.24975759 0.11810328 0.26804968 0.90415498]\n",
      " [0.68766674 0.0394753  0.95801635 0.82005121]]\n"
     ]
    }
   ],
   "source": [
    "K = np.random.rand(4, 4)\n",
    "print(K)"
   ]
  }
 ],
 "metadata": {
  "kernelspec": {
   "display_name": "Python 3 (ipykernel)",
   "language": "python",
   "name": "python3"
  },
  "language_info": {
   "codemirror_mode": {
    "name": "ipython",
    "version": 3
   },
   "file_extension": ".py",
   "mimetype": "text/x-python",
   "name": "python",
   "nbconvert_exporter": "python",
   "pygments_lexer": "ipython3",
   "version": "3.11.14"
  }
 },
 "nbformat": 4,
 "nbformat_minor": 5
}
